,r,gp,rp,e,h,v,l
0,1.0,0.01,0.02,2.5517363532894555,1.0,8.0,83
1,1.0,0.01,0.02,1.7698179816449273,1.0,7.5,83
2,1.0,0.01,0.02,2.6020298625057836,1.0,8.0,83
3,1.0,0.03,0.02,2.3611242126882273,0.76,8.0,83
4,1.0,0.03,0.02,3.115374477409443,0.66,8.0,84
5,1.0,0.03,0.02,2.3318101866029504,0.73,8.0,83
6,1.0,0.05,0.02,2.190183627343052,0.48,7.5,82
7,1.0,0.05,0.02,2.1850825533132476,0.53,7.5,83
8,1.0,0.05,0.02,2.4795783352845557,0.48,8.0,84
9,1.0,0.01,0.04,2.47897499164353,1.0,8.0,83
10,1.0,0.01,0.04,2.5397498245967367,0.97,8.0,83
11,1.0,0.01,0.04,2.4588677375234567,1.0,8.0,83
12,1.0,0.03,0.04,3.796927583413807,0.67,8.5,84
13,1.0,0.03,0.04,2.8222479969290477,0.7,8.0,83
14,1.0,0.03,0.04,1.4945698435133166,0.67,7.5,83
15,1.0,0.05,0.04,2.6917604350001407,0.44,8.0,84
16,1.0,0.05,0.04,2.5749133116299623,0.43,7.5,84
17,1.0,0.05,0.04,2.0916901463714908,0.48,8.0,83
18,1.0,0.01,0.06,2.5383106125913835,0.98,8.0,84
19,1.0,0.01,0.06,2.485285638984227,0.99,8.0,83
20,1.0,0.01,0.06,2.4978531811375855,0.97,8.0,84
21,1.0,0.03,0.06,3.125212642093774,0.7,8.0,83
22,1.0,0.03,0.06,2.4718329434019797,0.71,8.0,84
23,1.0,0.03,0.06,2.254870782420368,0.7,8.0,84
24,1.0,0.05,0.06,1.9695952340165903,0.48,8.0,84
25,1.0,0.05,0.06,2.4168325308083594,0.48,8.0,84
26,1.0,0.05,0.06,4.256835377391067,0.48,8.0,83
27,1.5,0.01,0.02,1.1228286165289958,1.0,7.0,74
28,1.5,0.01,0.02,0.970963556660735,1.0,7.0,73
29,1.5,0.01,0.02,0.9672201038288507,1.0,7.0,74
30,1.5,0.03,0.02,0.8022643448227694,0.91,7.0,75
31,1.5,0.03,0.02,1.7737643425434675,0.9,7.5,77
32,1.5,0.03,0.02,1.1033196988920335,0.87,7.0,75
33,1.5,0.05,0.02,1.6979241841327664,0.65,7.0,75
34,1.5,0.05,0.02,1.5247676976694127,0.69,7.5,78
35,1.5,0.05,0.02,1.1587858686452543,0.71,7.0,76
36,1.5,0.01,0.04,1.073269434638619,1.0,7.0,75
37,1.5,0.01,0.04,0.99842088528923,1.0,7.0,75
38,1.5,0.01,0.04,1.0005703350622395,1.0,7.0,75
39,1.5,0.03,0.04,1.2062589304322675,0.89,7.0,75
40,1.5,0.03,0.04,1.073229639221057,0.87,7.0,75
41,1.5,0.03,0.04,1.2998784379074348,0.86,7.0,75
42,1.5,0.05,0.04,1.2273670985851304,0.65,7.0,74
43,1.5,0.05,0.04,2.691948374790726,0.62,7.0,74
44,1.5,0.05,0.04,1.5985169072686471,0.71,7.0,75
45,1.5,0.01,0.06,2.631541175808716,1.0,8.0,79
46,1.5,0.01,0.06,1.1295619284342198,1.0,7.0,75
47,1.5,0.01,0.06,1.8962054648984106,1.0,7.5,78
48,1.5,0.03,0.06,0.9989303934543305,0.86,7.0,75
49,1.5,0.03,0.06,1.6581577654753707,0.86,7.5,78
50,1.5,0.03,0.06,2.076826696271795,0.86,7.5,77
51,1.5,0.05,0.06,0.9159741156661494,0.63,7.0,77
52,1.5,0.05,0.06,0.9959004848934113,0.64,7.0,76
53,1.5,0.05,0.06,1.8624945543747022,0.63,7.0,74
54,2.0,0.01,0.02,1.0674727672856983,1.0,7.0,69
55,2.0,0.01,0.02,1.1729755439372747,1.0,7.0,68
56,2.0,0.01,0.02,0.8561788782990689,1.0,7.0,68
57,2.0,0.03,0.02,2.8101046884803074,0.91,7.5,72
58,2.0,0.03,0.02,1.3825429462866117,0.9,7.5,73
59,2.0,0.03,0.02,1.8278875068130476,0.9,7.5,72
60,2.0,0.05,0.02,1.590013007666804,0.7,7.5,72
61,2.0,0.05,0.02,2.2931819621207272,0.7,7.5,71
62,2.0,0.05,0.02,2.4308873958749073,0.67,7.5,70
63,2.0,0.01,0.04,1.1067897222963814,1.0,7.0,69
64,2.0,0.01,0.04,1.0335434958259098,1.0,7.0,68
65,2.0,0.01,0.04,0.9183925732166992,1.0,7.0,68
66,2.0,0.03,0.04,1.6983761060245888,0.91,7.5,73
67,2.0,0.03,0.04,1.2477977559078441,0.87,7.5,71
68,2.0,0.03,0.04,2.0505418204548325,0.9,7.5,72
69,2.0,0.05,0.04,2.7748142160244997,0.76,7.5,72
70,2.0,0.05,0.04,1.6273755426464167,0.69,7.5,73
71,2.0,0.05,0.04,2.1453846057019628,0.76,7.5,73
72,2.0,0.01,0.06,0.9865374167154778,1.0,7.0,69
73,2.0,0.01,0.06,1.6209238763029576,1.0,7.5,74
74,2.0,0.01,0.06,1.7092543477554647,1.0,7.5,72
75,2.0,0.03,0.06,1.4367833796168157,0.91,7.5,72
76,2.0,0.03,0.06,1.3694571990234945,0.87,7.5,71
77,2.0,0.03,0.06,1.858812831629301,0.87,7.5,72
78,2.0,0.05,0.06,1.4989012935311046,0.7,7.5,72
79,2.0,0.05,0.06,1.361368387895089,0.66,7.5,72
80,2.0,0.05,0.06,1.3046667658816877,0.64,7.5,69
81,2.5,0.01,0.02,1.6243591474475272,1.0,7.5,60
82,2.5,0.01,0.02,1.5858945135000382,1.0,7.5,60
83,2.5,0.01,0.02,1.5289184613278062,1.0,7.5,62
84,2.5,0.03,0.02,1.236051615638899,0.92,7.5,65
85,2.5,0.03,0.02,1.3516525811720665,0.95,7.5,66
86,2.5,0.03,0.02,1.920355111687483,0.93,7.5,65
87,2.5,0.05,0.02,2.172635276780346,0.72,7.5,65
88,2.5,0.05,0.02,1.9407409843309258,0.72,7.5,66
89,2.5,0.05,0.02,1.5646966118241021,0.74,7.5,64
90,2.5,0.01,0.04,1.6200611593617995,1.0,7.5,61
91,2.5,0.01,0.04,1.544407587626527,1.0,7.5,65
92,2.5,0.01,0.04,1.6212946027186896,1.0,7.5,60
93,2.5,0.03,0.04,1.7304468570054574,0.91,7.5,66
94,2.5,0.03,0.04,1.6259292108588441,0.89,7.5,65
95,2.5,0.03,0.04,1.795967397224542,0.92,7.5,66
96,2.5,0.05,0.04,2.9036085517447945,0.72,7.5,67
97,2.5,0.05,0.04,1.609408379450964,0.68,7.5,65
98,2.5,0.05,0.04,1.8474639546276035,0.76,7.5,65
99,2.5,0.01,0.06,1.6539324607745973,1.0,7.5,66
100,2.5,0.01,0.06,1.5177337017558739,1.0,7.5,65
101,2.5,0.01,0.06,1.6996383193827669,0.99,7.5,63
102,2.5,0.03,0.06,3.140934803324205,0.87,8.0,70
103,2.5,0.03,0.06,1.9119143729531416,0.88,7.5,65
104,2.5,0.03,0.06,1.745036467365115,0.87,7.5,67
105,2.5,0.05,0.06,1.7324387234148848,0.65,7.5,64
106,2.5,0.05,0.06,2.918131019513845,0.73,7.5,68
107,2.5,0.05,0.06,3.370519048263463,0.68,8.0,71
108,3.0,0.01,0.02,2.228349315154237,1.0,8.0,63
109,3.0,0.01,0.02,2.534755872967856,1.0,8.0,63
110,3.0,0.01,0.02,2.1210000264178976,1.0,8.0,60
111,3.0,0.03,0.02,2.827892597652512,0.9,8.0,66
112,3.0,0.03,0.02,2.2462797259388543,0.9,8.0,63
113,3.0,0.03,0.02,2.5181981379089926,0.89,8.0,64
114,3.0,0.05,0.02,2.8313939296776205,0.68,8.0,66
115,3.0,0.05,0.02,3.4500070940843552,0.72,8.0,64
116,3.0,0.05,0.02,2.001378068156031,0.7,8.0,65
117,3.0,0.01,0.04,2.427474414391885,1.0,8.0,65
118,3.0,0.01,0.04,2.3160402617187454,1.0,8.0,64
119,3.0,0.01,0.04,2.2702563747209132,1.0,8.0,64
120,3.0,0.03,0.04,2.5741138321228587,0.88,8.0,66
121,3.0,0.03,0.04,2.3639577894818586,0.83,8.0,64
122,3.0,0.03,0.04,2.5782701692955396,0.9,8.0,66
123,3.0,0.05,0.04,2.7723035115652723,0.72,8.0,63
124,3.0,0.05,0.04,3.703267829606817,0.73,8.0,64
125,3.0,0.05,0.04,3.2714632152945287,0.74,8.0,64
126,3.0,0.01,0.06,2.1866851384079493,0.97,8.0,64
127,3.0,0.01,0.06,2.197667473472966,0.96,8.0,63
128,3.0,0.01,0.06,2.418632146801103,1.0,8.0,65
129,3.0,0.03,0.06,1.412116373156381,0.85,8.0,63
130,3.0,0.03,0.06,2.3955903822866826,0.87,8.0,63
131,3.0,0.03,0.06,1.833104392050623,0.86,8.0,65
132,3.0,0.05,0.06,3.6104437300698207,0.71,8.0,64
133,3.0,0.05,0.06,2.2308083177010305,0.65,8.0,64
134,3.0,0.05,0.06,1.9071297454413525,0.67,8.0,66
135,3.5,0.01,0.02,3.120602909363737,0.99,8.5,63
136,3.5,0.01,0.02,3.1038352686197763,1.0,8.5,63
137,3.5,0.01,0.02,2.2258658527811326,1.0,8.0,58
138,3.5,0.03,0.02,2.968713449521021,0.84,8.5,63
139,3.5,0.03,0.02,3.443345907089093,0.86,8.5,62
140,3.5,0.03,0.02,3.0209437171362588,0.85,8.5,64
141,3.5,0.05,0.02,4.0765400524169015,0.65,8.5,60
142,3.5,0.05,0.02,2.855620613085245,0.67,8.5,62
143,3.5,0.05,0.02,3.067120299640374,0.67,8.5,64
144,3.5,0.01,0.04,2.9991323942451413,0.99,8.5,65
145,3.5,0.01,0.04,2.904576615385653,1.0,8.5,64
146,3.5,0.01,0.04,2.91465044442977,0.99,8.5,64
147,3.5,0.03,0.04,3.0447215073415945,0.82,8.5,66
148,3.5,0.03,0.04,3.3428355392376936,0.84,8.5,64
149,3.5,0.03,0.04,3.080288067791459,0.87,8.5,64
150,3.5,0.05,0.04,2.4435581147188232,0.66,8.0,60
151,3.5,0.05,0.04,5.039913006876756,0.64,8.5,63
152,3.5,0.05,0.04,3.1295064706692015,0.61,8.5,65
153,3.5,0.01,0.06,2.866463588185668,0.94,8.5,50
154,3.5,0.01,0.06,2.783068817497985,0.94,8.5,50
155,3.5,0.01,0.06,3.3007970130522413,0.93,8.5,50
156,3.5,0.03,0.06,3.095451382195216,0.77,8.5,63
157,3.5,0.03,0.06,2.4292544951280832,0.74,8.0,59
158,3.5,0.03,0.06,2.4248907881526165,0.81,8.5,63
159,3.5,0.05,0.06,4.890518852630696,0.62,8.5,63
160,3.5,0.05,0.06,2.3749991785916316,0.58,8.0,56
161,3.5,0.05,0.06,2.32907853274698,0.7,8.0,59
162,4.0,0.01,0.02,2.915036086758403,1.0,8.5,53
163,4.0,0.01,0.02,2.8484084227380757,1.0,8.5,52
164,4.0,0.01,0.02,2.8815642069065057,1.0,8.5,54
165,4.0,0.03,0.02,2.7952216703999078,0.85,8.5,58
166,4.0,0.03,0.02,4.2690336387938785,0.84,8.5,58
167,4.0,0.03,0.02,2.9558809819578653,0.85,8.5,53
168,4.0,0.05,0.02,2.914412015957701,0.64,8.5,55
169,4.0,0.05,0.02,3.3834472926684156,0.69,8.5,57
170,4.0,0.05,0.02,2.7784367300240054,0.61,8.5,55
171,4.0,0.01,0.04,2.9283612363183518,0.99,8.5,54
172,4.0,0.01,0.04,2.858265175585548,0.97,8.5,53
173,4.0,0.01,0.04,2.887329139157976,0.96,8.5,53
174,4.0,0.03,0.04,2.56685548123308,0.83,8.5,57
175,4.0,0.03,0.04,3.317387624050735,0.86,8.5,55
176,4.0,0.03,0.04,2.6168655637122824,0.88,8.5,57
177,4.0,0.05,0.04,2.8733256674583383,0.66,8.5,60
178,4.0,0.05,0.04,3.0426615390752962,0.62,8.5,58
179,4.0,0.05,0.04,2.5893381573267504,0.62,8.5,54
180,4.0,0.01,0.06,2.771116504231399,0.93,8.5,53
181,4.0,0.01,0.06,3.224346681933602,0.91,8.5,56
182,4.0,0.01,0.06,3.247590062424187,0.91,8.5,55
183,4.0,0.03,0.06,3.2501021222557007,0.79,8.5,59
184,4.0,0.03,0.06,3.0107970352323226,0.8,8.5,56
185,4.0,0.03,0.06,2.9860888454403285,0.84,8.5,53
186,4.0,0.05,0.06,3.3197710499344906,0.59,9.0,61
187,4.0,0.05,0.06,2.9587674081863526,0.58,8.5,53
188,4.0,0.05,0.06,2.602049465769224,0.59,8.5,54
189,4.5,0.01,0.02,3.4836278898822757,0.93,9.0,54
190,4.5,0.01,0.02,3.486689142903623,0.94,9.0,52
191,4.5,0.01,0.02,3.2687529368139585,0.93,9.0,51
192,4.5,0.03,0.02,3.1427185755585705,0.78,9.0,54
193,4.5,0.03,0.02,3.376521460995392,0.78,9.0,51
194,4.5,0.03,0.02,3.2877225469196216,0.74,9.0,53
195,4.5,0.05,0.02,2.552565653266633,0.61,9.0,54
196,4.5,0.05,0.02,3.7782167590566478,0.59,9.0,51
197,4.5,0.05,0.02,3.9050906206652685,0.6,9.0,49
198,4.5,0.01,0.04,3.293841443345352,0.91,9.0,53
199,4.5,0.01,0.04,3.4307594175063745,0.91,9.0,57
200,4.5,0.01,0.04,3.531665107564285,0.92,9.0,53
201,4.5,0.03,0.04,3.3835980529416645,0.74,9.0,50
202,4.5,0.03,0.04,3.3188463982383967,0.78,9.0,54
203,4.5,0.03,0.04,3.2337952105819947,0.73,9.0,54
204,4.5,0.05,0.04,4.296450606556794,0.64,9.0,51
205,4.5,0.05,0.04,3.0046619674652666,0.59,9.0,57
206,4.5,0.05,0.04,3.7700293580464987,0.59,9.0,54
207,4.5,0.01,0.06,3.4553209166063423,0.85,9.0,55
208,4.5,0.01,0.06,3.8337024222264584,0.84,9.0,51
209,4.5,0.01,0.06,3.4011322651214777,0.91,9.0,54
210,4.5,0.03,0.06,3.237338210400502,0.68,9.0,51
211,4.5,0.03,0.06,3.1841488168100494,0.65,9.0,50
212,4.5,0.03,0.06,3.6099285328681483,0.68,9.0,50
213,4.5,0.05,0.06,2.354612125930814,0.51,9.0,54
214,4.5,0.05,0.06,3.4092964489296573,0.57,9.0,54
215,4.5,0.05,0.06,3.305137923668076,0.54,9.0,57
216,5.0,0.01,0.02,4.026932608755719,0.76,9.5,49
217,5.0,0.01,0.02,3.9458031648936087,0.81,9.5,48
218,5.0,0.01,0.02,3.8399274353768327,0.79,9.5,49
219,5.0,0.03,0.02,3.811586576771844,0.65,9.5,49
220,5.0,0.03,0.02,4.302558209646984,0.62,9.5,52
221,5.0,0.03,0.02,3.8199290069525826,0.62,9.5,52
222,5.0,0.05,0.02,4.063486595716305,0.44,9.5,56
223,5.0,0.05,0.02,3.583784171185275,0.42,9.0,54
224,5.0,0.05,0.02,3.613376304287117,0.46,9.5,50
225,5.0,0.01,0.04,3.8782381630099083,0.73,9.5,46
226,5.0,0.01,0.04,4.016677785412399,0.75,9.5,48
227,5.0,0.01,0.04,4.0776836569086665,0.74,9.5,49
228,5.0,0.03,0.04,4.10647167374682,0.63,9.5,52
229,5.0,0.03,0.04,3.8276788138697917,0.61,9.5,53
230,5.0,0.03,0.04,3.8321403460479986,0.65,9.5,52
231,5.0,0.05,0.04,3.441743393973794,0.45,9.5,54
232,5.0,0.05,0.04,3.862079619622486,0.46,9.5,54
233,5.0,0.05,0.04,3.7969278165455815,0.41,9.5,51
234,5.0,0.01,0.06,4.040024098967976,0.65,9.5,48
235,5.0,0.01,0.06,3.7750967028818745,0.67,9.5,49
236,5.0,0.01,0.06,4.117268295164167,0.69,9.5,51
237,5.0,0.03,0.06,4.56309490224545,0.53,9.5,52
238,5.0,0.03,0.06,3.8679699306177246,0.58,9.5,48
239,5.0,0.03,0.06,4.972975878118441,0.62,9.5,56
240,5.0,0.05,0.06,4.232777894325843,0.38,9.5,48
241,5.0,0.05,0.06,3.921182081138878,0.43,9.5,58
242,5.0,0.05,0.06,4.804874646400062,0.47,9.0,51
243,5.5,0.01,0.02,4.619802164849801,0.54,10.0,44
244,5.5,0.01,0.02,4.370171195898894,0.56,10.0,47
245,5.5,0.01,0.02,4.547461840316708,0.62,10.0,57
246,5.5,0.03,0.02,4.7301328775215365,0.45,10.0,53
247,5.5,0.03,0.02,4.40120198363386,0.47,10.0,54
248,5.5,0.03,0.02,5.996766724350498,0.44,10.0,58
249,5.5,0.05,0.02,4.008103154205944,0.34,9.5,51
250,5.5,0.05,0.02,3.799775109796777,0.37,10.0,59
251,5.5,0.05,0.02,4.762978203398869,0.38,10.0,51
252,5.5,0.01,0.04,3.9023328695181516,0.51,9.5,50
253,5.5,0.01,0.04,4.392062345788329,0.51,10.0,49
254,5.5,0.01,0.04,4.378920581148255,0.52,10.0,47
255,5.5,0.03,0.04,4.689990019138672,0.4,10.0,47
256,5.5,0.03,0.04,4.546417611755555,0.42,10.0,48
257,5.5,0.03,0.04,5.029877148361209,0.42,10.0,50
258,5.5,0.05,0.04,4.455244458754477,0.34,10.0,50
259,5.5,0.05,0.04,4.471442108472863,0.39,10.0,50
260,5.5,0.05,0.04,4.481630275214761,0.33,10.0,54
261,5.5,0.01,0.06,4.754275516705028,0.47,10.0,55
262,5.5,0.01,0.06,5.486269860550534,0.48,10.5,63
263,5.5,0.01,0.06,4.403502978009903,0.51,10.0,47
264,5.5,0.03,0.06,4.720321422096002,0.38,10.0,46
265,5.5,0.03,0.06,4.279064620028408,0.38,10.0,50
266,5.5,0.03,0.06,4.4092124040970955,0.41,10.0,48
267,5.5,0.05,0.06,4.026204524228119,0.36,10.0,50
268,5.5,0.05,0.06,4.752920531298232,0.33,10.0,53
269,5.5,0.05,0.06,4.705686134866751,0.38,9.5,51
270,6.0,0.01,0.02,5.2307093024000455,0.62,10.5,56
271,6.0,0.01,0.02,4.991892956350202,0.54,10.5,45
272,6.0,0.01,0.02,5.077213980590117,0.59,10.5,44
273,6.0,0.03,0.02,5.456753215086353,0.41,10.5,58
274,6.0,0.03,0.02,4.950403957919696,0.4,10.5,56
275,6.0,0.03,0.02,5.199188336849613,0.4,10.5,59
276,6.0,0.05,0.02,5.751014239889634,0.3,10.0,48
277,6.0,0.05,0.02,5.223321144784022,0.41,10.5,43
278,6.0,0.05,0.02,4.867809293090502,0.33,10.5,51
279,6.0,0.01,0.04,5.16096705713906,0.48,10.5,44
280,6.0,0.01,0.04,4.957432045168074,0.52,10.5,43
281,6.0,0.01,0.04,4.928116133766671,0.47,10.5,44
282,6.0,0.03,0.04,4.812925622332087,0.41,10.0,50
283,6.0,0.03,0.04,4.981664594480326,0.39,10.5,54
284,6.0,0.03,0.04,5.244445550619876,0.42,10.5,58
285,6.0,0.05,0.04,5.326486861716882,0.3,10.5,59
286,6.0,0.05,0.04,5.557808476538908,0.32,10.5,46
287,6.0,0.05,0.04,6.279805404299519,0.29,10.0,54
288,6.0,0.01,0.06,5.096663671271364,0.43,10.5,45
289,6.0,0.01,0.06,5.581374208555612,0.41,11.0,40
290,6.0,0.01,0.06,4.911602789379282,0.48,10.5,44
291,6.0,0.03,0.06,4.339831318093174,0.36,10.0,50
292,6.0,0.03,0.06,5.562613088581408,0.38,10.0,48
293,6.0,0.03,0.06,5.56822456998104,0.34,10.5,47
294,6.0,0.05,0.06,5.521901212715917,0.31,11.0,41
295,6.0,0.05,0.06,6.341296931832284,0.28,10.5,57
296,6.0,0.05,0.06,5.447755738433004,0.27,10.5,41
297,6.5,0.01,0.02,5.413714399204454,0.58,11.0,43
298,6.5,0.01,0.02,5.754228569945212,0.51,11.0,56
299,6.5,0.01,0.02,5.297106273810615,0.54,11.0,41
300,6.5,0.03,0.02,5.880375288548332,0.44,11.0,56
301,6.5,0.03,0.02,5.677740552043234,0.4,11.0,56
302,6.5,0.03,0.02,5.903437863433386,0.41,11.0,57
303,6.5,0.05,0.02,4.949651440018023,0.3,10.5,48
304,6.5,0.05,0.02,5.679164727318108,0.31,11.0,61
305,6.5,0.05,0.02,6.462763294503013,0.29,10.5,50
306,6.5,0.01,0.04,5.424115863585146,0.51,11.0,43
307,6.5,0.01,0.04,6.126480011332917,0.47,11.5,38
308,6.5,0.01,0.04,5.743693810299572,0.47,11.0,59
309,6.5,0.03,0.04,5.526737254737139,0.36,11.0,43
310,6.5,0.03,0.04,5.5028715684967615,0.41,11.0,42
311,6.5,0.03,0.04,6.5236186063800865,0.36,11.0,56
312,6.5,0.05,0.04,5.286661657392098,0.28,10.5,54
313,6.5,0.05,0.04,5.444501693647483,0.3,10.5,51
314,6.5,0.05,0.04,5.690634203843775,0.29,11.0,46
315,6.5,0.01,0.06,4.997568885269977,0.39,10.5,47
316,6.5,0.01,0.06,5.4565654110983015,0.41,11.0,44
317,6.5,0.01,0.06,5.126786477105559,0.41,10.5,50
318,6.5,0.03,0.06,5.169820957980503,0.37,11.0,45
319,6.5,0.03,0.06,6.181797067832691,0.38,11.0,55
320,6.5,0.03,0.06,5.2239295478898695,0.35,10.5,52
321,6.5,0.05,0.06,4.577765199787642,0.31,10.5,49
322,6.5,0.05,0.06,5.993846311471491,0.27,10.5,55
323,6.5,0.05,0.06,4.8746149692710885,0.29,11.0,55
324,7.0,0.01,0.02,5.4341747451049836,0.58,11.0,51
325,7.0,0.01,0.02,5.2879085492782085,0.51,11.0,47
326,7.0,0.01,0.02,5.5617531198929155,0.54,11.0,53
327,7.0,0.03,0.02,5.881889418953057,0.48,11.0,53
328,7.0,0.03,0.02,5.620332851655487,0.45,11.0,51
329,7.0,0.03,0.02,6.785394253916826,0.45,11.5,58
330,7.0,0.05,0.02,7.148507522931297,0.3,11.0,52
331,7.0,0.05,0.02,5.373172886121096,0.29,11.0,48
332,7.0,0.05,0.02,5.7463310240849905,0.31,11.0,50
333,7.0,0.01,0.04,5.482868718217262,0.45,11.0,48
334,7.0,0.01,0.04,5.96960454755805,0.5,11.5,42
335,7.0,0.01,0.04,5.7873617009227845,0.44,11.0,51
336,7.0,0.03,0.04,5.822784458912679,0.4,11.5,42
337,7.0,0.03,0.04,5.6018419859940725,0.39,11.0,47
338,7.0,0.03,0.04,5.639737492907427,0.39,11.5,42
339,7.0,0.05,0.04,6.187559843258432,0.27,11.0,44
340,7.0,0.05,0.04,5.571528907933477,0.29,11.5,45
341,7.0,0.05,0.04,5.585557974926813,0.29,11.0,51
342,7.0,0.01,0.06,6.0071103353029045,0.39,11.0,46
343,7.0,0.01,0.06,5.883087986043952,0.42,11.5,41
344,7.0,0.01,0.06,5.842189408407918,0.41,11.5,43
345,7.0,0.03,0.06,6.054959689109101,0.34,11.5,58
346,7.0,0.03,0.06,5.8583667957017305,0.29,11.0,44
347,7.0,0.03,0.06,5.749927307221248,0.33,11.0,48
348,7.0,0.05,0.06,4.727914143961349,0.3,11.0,49
349,7.0,0.05,0.06,5.691902095277488,0.27,11.0,50
350,7.0,0.05,0.06,5.870494191465746,0.26,11.0,48
351,7.5,0.01,0.02,6.024817912086905,0.54,11.5,46
352,7.5,0.01,0.02,6.039116349659905,0.65,11.5,48
353,7.5,0.01,0.02,5.819726897242508,0.59,11.5,49
354,7.5,0.03,0.02,5.750854147347213,0.39,11.5,47
355,7.5,0.03,0.02,6.071443325558332,0.43,11.5,47
356,7.5,0.03,0.02,6.979650342060064,0.42,12.0,41
357,7.5,0.05,0.02,6.342458322634602,0.27,12.0,40
358,7.5,0.05,0.02,5.663583690453187,0.29,11.5,43
359,7.5,0.05,0.02,7.51229250655853,0.28,12.0,41
360,7.5,0.01,0.04,6.539334166010491,0.51,11.5,48
361,7.5,0.01,0.04,6.385432771077213,0.49,12.0,40
362,7.5,0.01,0.04,6.024244366330925,0.46,11.5,49
363,7.5,0.03,0.04,5.578695810695088,0.32,11.5,48
364,7.5,0.03,0.04,5.906397101166043,0.37,11.5,51
365,7.5,0.03,0.04,6.544844407190945,0.37,12.0,55
366,7.5,0.05,0.04,5.988071559750861,0.3,11.5,44
367,7.5,0.05,0.04,6.145431059918045,0.32,11.5,46
368,7.5,0.05,0.04,6.091877820145399,0.29,11.5,50
369,7.5,0.01,0.06,5.9335696571809216,0.38,11.5,43
370,7.5,0.01,0.06,5.984957517422016,0.38,11.5,44
371,7.5,0.01,0.06,6.365695140612185,0.37,11.5,48
372,7.5,0.03,0.06,5.933837743049387,0.31,11.5,48
373,7.5,0.03,0.06,5.70683305284298,0.33,11.5,51
374,7.5,0.03,0.06,7.37414917465095,0.34,12.0,40
375,7.5,0.05,0.06,7.521096580013978,0.29,12.0,50
376,7.5,0.05,0.06,7.193773897641647,0.26,11.5,48
377,7.5,0.05,0.06,5.955816369179799,0.24,11.5,45
378,8.0,0.01,0.02,6.9283920804898305,0.54,12.0,47
379,8.0,0.01,0.02,6.9043795593742106,0.52,12.5,38
380,8.0,0.01,0.02,6.417853177808137,0.5,12.0,45
381,8.0,0.03,0.02,6.464626538068484,0.39,12.0,49
382,8.0,0.03,0.02,6.5601717658342915,0.4,12.0,52
383,8.0,0.03,0.02,6.364052839738737,0.43,12.0,49
384,8.0,0.05,0.02,7.369939098941704,0.27,12.0,53
385,8.0,0.05,0.02,6.144051494322912,0.28,11.5,47
386,8.0,0.05,0.02,7.325331701085036,0.26,12.0,48
387,8.0,0.01,0.04,6.736448093352844,0.47,12.0,52
388,8.0,0.01,0.04,6.461239201001368,0.46,12.0,46
389,8.0,0.01,0.04,6.654176318094384,0.47,12.0,46
390,8.0,0.03,0.04,6.564315415317712,0.36,12.0,46
391,8.0,0.03,0.04,6.642258397203995,0.33,12.0,51
392,8.0,0.03,0.04,8.074669587013926,0.33,12.5,57
393,8.0,0.05,0.04,6.146241939626967,0.26,12.0,50
394,8.0,0.05,0.04,8.135427881736375,0.27,12.0,50
395,8.0,0.05,0.04,6.14327949539212,0.24,12.0,47
396,8.0,0.01,0.06,6.962264796517163,0.36,12.0,47
397,8.0,0.01,0.06,7.091307346661118,0.34,12.0,54
398,8.0,0.01,0.06,6.277166008779314,0.37,12.0,45
399,8.0,0.03,0.06,6.4739084901475055,0.31,12.0,46
400,8.0,0.03,0.06,6.898204476400178,0.32,12.0,49
401,8.0,0.03,0.06,6.606635239387587,0.27,12.0,55
402,8.0,0.05,0.06,6.396301971953256,0.27,12.0,44
403,8.0,0.05,0.06,7.447246662842082,0.27,12.0,46
404,8.0,0.05,0.06,5.105735649150183,0.26,11.5,48
